retailer,product_title,brand,size_text,current_price,regular_price,percent_off,promo_text,product_url,image_url,scraped_at
petsmart,"Authority® Everyday Health Adult Cat Wet Food - 5.5 Oz, Flaked in Gravy",Authority,5.5 Oz,2.45,2.89,15,,https://www.petsmart.ca/cat/food-and-treats/wet-food/authority-everyday-health-adult-cat-wet-food---55-oz-flaked-in-gravy-51010.html,,2025-12-08T06:06:51.617Z
petsmart,"Natural Balance Limited Ingredient Diets Cat Food - Grain Free, Chicken & Green Pea",Natural,,3.19,,,,https://www.petsmart.ca/cat/food-and-treats/wet-food/natural-balance-limited-ingredient-diets-cat-food---grain-free-chicken-and-green-pea-30327.html,,2025-12-08T06:06:54.117Z
quiverquant,"AAPLAPPLE INC. - COMMON STOCKStock - Sale - Oct 24, 2025",AAPLAPPLE INC. - COMMON STOCKStock,,0.00,0.00,0,Sale,https://www.quiverquant.com/congresstrading/politician/Nancy%20Pelosi-P000197,,2025-12-08T06:06:58.335Z
quiverquant,"AVGOBROADCOM INC. - COMMON STOCKStock - Sale - Jul 9, 2025",AVGOBROADCOM INC. - COMMON STOCKStock,,0.00,0.00,0,Sale,https://www.quiverquant.com/congresstrading/politician/Nancy%20Pelosi-P000197,,2025-12-08T06:06:58.347Z
quiverquant,"AMZNAMAZON.COM, INC. - COMMON STOCKOptions - Sale - Jan 17, 2025","AMZNAMAZON.COM, INC. - COMMON STOCKOptions",,0.00,0.00,0,Sale,https://www.quiverquant.com/congresstrading/politician/Nancy%20Pelosi-P000197,,2025-12-08T06:06:58.369Z
quiverquant,"GOOGLALPHABET INC. - CLASS A COMMON STOCKOptions - Sale - Jan 17, 2025",GOOGLALPHABET INC. - CLASS A COMMON STOCKOptions,,0.00,0.00,0,Sale,https://www.quiverquant.com/congresstrading/politician/Nancy%20Pelosi-P000197,,2025-12-08T06:06:58.380Z
quiverquant,"NVDANVIDIA CORPORATION - COMMON STOCKOptions - Sale - Jan 17, 2025",NVDANVIDIA CORPORATION - COMMON STOCKOptions,,0.00,0.00,0,Sale,https://www.quiverquant.com/congresstrading/politician/Nancy%20Pelosi-P000197,,2025-12-08T06:06:58.393Z
quiverquant,"TEMTEMPUS AI, INC. - CLASS A COMMON STOCKOptions - Sale - Jan 17, 2025","TEMTEMPUS AI, INC. - CLASS A COMMON STOCKOptions",,0.00,0.00,0,Sale,https://www.quiverquant.com/congresstrading/politician/Nancy%20Pelosi-P000197,,2025-12-08T06:06:58.407Z
quiverquant,"VSTVISTRA CORP. COMMON STOCKOptions - Sale - Jan 17, 2025",VSTVISTRA CORP. COMMON STOCKOptions,,0.00,0.00,0,Sale,https://www.quiverquant.com/congresstrading/politician/Nancy%20Pelosi-P000197,,2025-12-08T06:06:58.421Z
quiverquant,"AAPLAPPLE INC. - COMMON STOCKStock - Sale - Jan 17, 2025",AAPLAPPLE INC. - COMMON STOCKStock,,0.00,0.00,0,Sale,https://www.quiverquant.com/congresstrading/politician/Nancy%20Pelosi-P000197,,2025-12-08T06:06:58.436Z
quiverquant,"NVDANVIDIA CORPORATION - COMMON STOCKStock - Sale - Jan 17, 2025",NVDANVIDIA CORPORATION - COMMON STOCKStock,,0.00,0.00,0,Sale,https://www.quiverquant.com/congresstrading/politician/Nancy%20Pelosi-P000197,,2025-12-08T06:06:58.446Z
quiverquant,"NVDANVIDIA CORPORATION - COMMON STOCKStock - Sale - Jan 17, 2025",NVDANVIDIA CORPORATION - COMMON STOCKStock,,0.00,0.00,0,Sale,https://www.quiverquant.com/congresstrading/politician/Nancy%20Pelosi-P000197,,2025-12-08T06:06:58.459Z
quiverquant,"PANWPALO ALTO NETWORKS, INC.Stock - Sale - Jan 17, 2025","PANWPALO ALTO NETWORKS, INC.Stock",,0.00,0.00,0,Sale,https://www.quiverquant.com/congresstrading/politician/Nancy%20Pelosi-P000197,,2025-12-08T06:06:58.473Z
quiverquant,"MSFTMICROSOFT CORPORATION - COMMON STOCKStock - Sale - Jul 30, 2024",MSFTMICROSOFT CORPORATION - COMMON STOCKStock,,0.00,0.00,0,Sale,https://www.quiverquant.com/congresstrading/politician/Nancy%20Pelosi-P000197,,2025-12-08T06:06:58.490Z
quiverquant,"NVDANVIDIA CORPORATION - COMMON STOCKStock - Sale - Jul 30, 2024",NVDANVIDIA CORPORATION - COMMON STOCKStock,,0.00,0.00,0,Sale,https://www.quiverquant.com/congresstrading/politician/Nancy%20Pelosi-P000197,,2025-12-08T06:06:58.504Z
quiverquant,"VVISA INC.Stock - Sale - Jul 2, 2024",VVISA INC.Stock,,0.00,0.00,0,Sale,https://www.quiverquant.com/congresstrading/politician/Nancy%20Pelosi-P000197,,2025-12-08T06:06:58.515Z
quiverquant,"NVDANVIDIA CORPORATION - COMMON STOCKStock - Sale - Jul 2, 2024",NVDANVIDIA CORPORATION - COMMON STOCKStock,,0.00,0.00,0,Sale,https://www.quiverquant.com/congresstrading/politician/Nancy%20Pelosi-P000197,,2025-12-08T06:06:58.528Z
quiverquant,"AVGOBROADCOM INC. - COMMON STOCKOptions - Sale - Jul 2, 2024",AVGOBROADCOM INC. - COMMON STOCKOptions,,0.00,0.00,0,Sale,https://www.quiverquant.com/congresstrading/politician/Nancy%20Pelosi-P000197,,2025-12-08T06:06:58.541Z
quiverquant,"TSLATESLA, INC. - COMMON STOCKStock - Sale - Jul 2, 2024","TSLATESLA, INC. - COMMON STOCKStock",,0.00,0.00,0,Sale,https://www.quiverquant.com/congresstrading/politician/Nancy%20Pelosi-P000197,,2025-12-08T06:06:58.554Z
quiverquant,"PANWPALO ALTO NETWORKS, INC.Options - Sale - Feb 23, 2024","PANWPALO ALTO NETWORKS, INC.Options",,0.00,0.00,0,Sale,https://www.quiverquant.com/congresstrading/politician/Nancy%20Pelosi-P000197,,2025-12-08T06:06:58.571Z
quiverquant,"PANWPALO ALTO NETWORKS, INC.Options - Sale - Feb 23, 2024","PANWPALO ALTO NETWORKS, INC.Options",,0.00,0.00,0,Sale,https://www.quiverquant.com/congresstrading/politician/Nancy%20Pelosi-P000197,,2025-12-08T06:06:58.585Z
quiverquant,"NVDANVIDIA CORPORATIONOptions - Sale - Dec 21, 2023",NVDANVIDIA CORPORATIONOptions,,0.00,0.00,0,Sale,https://www.quiverquant.com/congresstrading/politician/Nancy%20Pelosi-P000197,,2025-12-08T06:06:58.595Z
quiverquant,"AAPLAPPLE INC.Stock - Sale - Jun 22, 2023",AAPLAPPLE INC.Stock,,0.00,0.00,0,Sale,https://www.quiverquant.com/congresstrading/politician/Nancy%20Pelosi-P000197,,2025-12-08T06:06:58.606Z
quiverquant,"MSFTMICROSOFT CORPORATIONStock - Sale - Jun 22, 2023",MSFTMICROSOFT CORPORATIONStock,,0.00,0.00,0,Sale,https://www.quiverquant.com/congresstrading/politician/Nancy%20Pelosi-P000197,,2025-12-08T06:06:58.617Z
quiverquant,"AAPLAPPLE INC.Stock - Sale - Jun 6, 2023",AAPLAPPLE INC.Stock,,0.00,0.00,0,Sale,https://www.quiverquant.com/congresstrading/politician/Nancy%20Pelosi-P000197,,2025-12-08T06:06:58.627Z
quiverquant,"AAPLAPPLE INC.Stock - Sale - Apr 6, 2023",AAPLAPPLE INC.Stock,,0.00,0.00,0,Sale,https://www.quiverquant.com/congresstrading/politician/Nancy%20Pelosi-P000197,,2025-12-08T06:06:58.638Z
quiverquant,"RBLXROBLOX CORPORATION CLASS AOptions - Sale - Jan 25, 2023",RBLXROBLOX CORPORATION CLASS AOptions,,0.00,0.00,0,Sale,https://www.quiverquant.com/congresstrading/politician/Nancy%20Pelosi-P000197,,2025-12-08T06:06:58.653Z
quiverquant,"NFLXNETFLIX, INC.Stock - Sale - Jan 12, 2023","NFLXNETFLIX, INC.Stock",,0.00,0.00,0,Sale,https://www.quiverquant.com/congresstrading/politician/Nancy%20Pelosi-P000197,,2025-12-08T06:06:58.663Z
quiverquant,"NFLXNETFLIX, INC.Stock - Sale - Jan 12, 2023","NFLXNETFLIX, INC.Stock",,0.00,0.00,0,Sale,https://www.quiverquant.com/congresstrading/politician/Nancy%20Pelosi-P000197,,2025-12-08T06:06:58.676Z
quiverquant,"GOOGLALPHABET INC. - CLASS AStock - Sale - Jan 12, 2023",GOOGLALPHABET INC. - CLASS AStock,,0.00,0.00,0,Sale,https://www.quiverquant.com/congresstrading/politician/Nancy%20Pelosi-P000197,,2025-12-08T06:06:58.688Z
quiverquant,"PYPLPAYPAL HOLDINGS, INC.Stock - Sale - Jan 12, 2023","PYPLPAYPAL HOLDINGS, INC.Stock",,0.00,0.00,0,Sale,https://www.quiverquant.com/congresstrading/politician/Nancy%20Pelosi-P000197,,2025-12-08T06:06:58.699Z
quiverquant,"RBLXROBLOX CORPORATION CLASS AStock - Sale - Jan 12, 2023",RBLXROBLOX CORPORATION CLASS AStock,,0.00,0.00,0,Sale,https://www.quiverquant.com/congresstrading/politician/Nancy%20Pelosi-P000197,,2025-12-08T06:06:58.710Z
quiverquant,"DISWALT DISNEY COMPANYStock - Sale - Jan 12, 2023",DISWALT DISNEY COMPANYStock,,0.00,0.00,0,Sale,https://www.quiverquant.com/congresstrading/politician/Nancy%20Pelosi-P000197,,2025-12-08T06:06:58.728Z
quiverquant,"GOOGLALPHABET INC. - CLASS AStock - Sale - Jan 12, 2023",GOOGLALPHABET INC. - CLASS AStock,,0.00,0.00,0,Sale,https://www.quiverquant.com/congresstrading/politician/Nancy%20Pelosi-P000197,,2025-12-08T06:06:58.742Z
quiverquant,"PYPLPAYPAL HOLDINGS, INC.Stock - Sale - Jan 12, 2023","PYPLPAYPAL HOLDINGS, INC.Stock",,0.00,0.00,0,Sale,https://www.quiverquant.com/congresstrading/politician/Nancy%20Pelosi-P000197,,2025-12-08T06:06:58.753Z
quiverquant,"CRMSALESFORCE, INC.Options - Sale - Jan 12, 2023","CRMSALESFORCE, INC.Options",,0.00,0.00,0,Sale,https://www.quiverquant.com/congresstrading/politician/Nancy%20Pelosi-P000197,,2025-12-08T06:06:58.763Z
quiverquant,"GOOGLALPHABET INC. - CLASS AStock - Sale - Jan 12, 2023",GOOGLALPHABET INC. - CLASS AStock,,0.00,0.00,0,Sale,https://www.quiverquant.com/congresstrading/politician/Nancy%20Pelosi-P000197,,2025-12-08T06:06:58.775Z
quiverquant,"TSLATESLA, INC.Stock - Sale - Jan 12, 2023","TSLATESLA, INC.Stock",,0.00,0.00,0,Sale,https://www.quiverquant.com/congresstrading/politician/Nancy%20Pelosi-P000197,,2025-12-08T06:06:58.785Z
quiverquant,"VVISA INC.Stock - Sale - Nov 30, 2022",VVISA INC.Stock,,0.00,0.00,0,Sale,https://www.quiverquant.com/congresstrading/politician/Nancy%20Pelosi-P000197,,2025-12-08T06:06:58.794Z
quiverquant,"DISWALT DISNEY COMPANYOptions - Sale - Oct 14, 2022",DISWALT DISNEY COMPANYOptions,,0.00,0.00,0,Sale,https://www.quiverquant.com/congresstrading/politician/Nancy%20Pelosi-P000197,,2025-12-08T06:06:58.805Z
quiverquant,"GOOGALPHABET INC. - CLASS C CAPITAL STOCKStock - Sale - Oct 14, 2022",GOOGALPHABET INC. - CLASS C CAPITAL STOCKStock,,0.00,0.00,0,Sale,https://www.quiverquant.com/congresstrading/politician/Nancy%20Pelosi-P000197,,2025-12-08T06:06:58.815Z
quiverquant,"MUMICRON TECHNOLOGY, INC.Options - Sale - Oct 14, 2022","MUMICRON TECHNOLOGY, INC.Options",,0.00,0.00,0,Sale,https://www.quiverquant.com/congresstrading/politician/Nancy%20Pelosi-P000197,,2025-12-08T06:06:58.825Z
quiverquant,"NVDANVIDIA CORPORATIONOptions - Sale - Oct 14, 2022",NVDANVIDIA CORPORATIONOptions,,0.00,0.00,0,Sale,https://www.quiverquant.com/congresstrading/politician/Nancy%20Pelosi-P000197,,2025-12-08T06:06:58.836Z
quiverquant,"NVDANVIDIA CORPORATIONStock - Sale - Jul 26, 2022",NVDANVIDIA CORPORATIONStock,,0.00,0.00,0,Sale,https://www.quiverquant.com/congresstrading/politician/Nancy%20Pelosi-P000197,,2025-12-08T06:06:58.850Z
quiverquant,"VVISA INC.Stock - Sale - Jul 14, 2022",VVISA INC.Stock,,0.00,0.00,0,Sale,https://www.quiverquant.com/congresstrading/politician/Nancy%20Pelosi-P000197,,2025-12-08T06:06:58.860Z
quiverquant,"AAPLAPPLE INC.Options - Sale - Jul 14, 2022",AAPLAPPLE INC.Options,,0.00,0.00,0,Sale,https://www.quiverquant.com/congresstrading/politician/Nancy%20Pelosi-P000197,,2025-12-08T06:06:58.870Z
quiverquant,"NVDANVIDIA CORPORATIONStock - Sale - Jul 14, 2022",NVDANVIDIA CORPORATIONStock,,0.00,0.00,0,Sale,https://www.quiverquant.com/congresstrading/politician/Nancy%20Pelosi-P000197,,2025-12-08T06:06:58.880Z
quiverquant,"AAPLAPPLE INC.Options - Sale - Jun 3, 2022",AAPLAPPLE INC.Options,,0.00,0.00,0,Sale,https://www.quiverquant.com/congresstrading/politician/Nancy%20Pelosi-P000197,,2025-12-08T06:06:58.889Z
quiverquant,"MSFTMICROSOFT CORPORATIONOptions - Sale - Jun 3, 2022",MSFTMICROSOFT CORPORATIONOptions,,0.00,0.00,0,Sale,https://www.quiverquant.com/congresstrading/politician/Nancy%20Pelosi-P000197,,2025-12-08T06:06:58.899Z
quiverquant,"MSFTMICROSOFT CORPORATIONOptions - Sale - Jun 3, 2022",MSFTMICROSOFT CORPORATIONOptions,,0.00,0.00,0,Sale,https://www.quiverquant.com/congresstrading/politician/Nancy%20Pelosi-P000197,,2025-12-08T06:06:58.909Z
quiverquant,"AAPLAPPLE INC.Options - Sale - Jun 3, 2022",AAPLAPPLE INC.Options,,0.00,0.00,0,Sale,https://www.quiverquant.com/congresstrading/politician/Nancy%20Pelosi-P000197,,2025-12-08T06:06:58.919Z
quiverquant,"WBDWARNER BROS. DISCOVERY, INC. - SERIES AStock - Sale - May 3, 2022","WBDWARNER BROS. DISCOVERY, INC. - SERIES AStock",,0.00,0.00,0,Sale,https://www.quiverquant.com/congresstrading/politician/Nancy%20Pelosi-P000197,,2025-12-08T06:06:58.929Z
quiverquant,"TSLATESLA, INC.Stock - Sale - Mar 21, 2022","TSLATESLA, INC.Stock",,0.00,0.00,0,Sale,https://www.quiverquant.com/congresstrading/politician/Nancy%20Pelosi-P000197,,2025-12-08T06:06:58.940Z
quiverquant,"ABALLIANCEBERNSTEIN HOLDING L.P. UNITSOwnership Interest (Engaged in a Trade or Business) - Sale - Feb 28, 2022",ABALLIANCEBERNSTEIN HOLDING L.P. UNITSOwnership Interest (Engaged in a Trade or Business),,0.00,0.00,0,Sale,https://www.quiverquant.com/congresstrading/politician/Nancy%20Pelosi-P000197,,2025-12-08T06:06:58.950Z
quiverquant,"AAPLAPPLE INC.Stock - Sale - Feb 28, 2022",AAPLAPPLE INC.Stock,,0.00,0.00,0,Sale,https://www.quiverquant.com/congresstrading/politician/Nancy%20Pelosi-P000197,,2025-12-08T06:06:58.961Z
quiverquant,"AXPAMERICAN EXPRESS COMPANYStock - Sale - Feb 28, 2022",AXPAMERICAN EXPRESS COMPANYStock,,0.00,0.00,0,Sale,https://www.quiverquant.com/congresstrading/politician/Nancy%20Pelosi-P000197,,2025-12-08T06:06:58.972Z
quiverquant,"DISWALT DISNEY COMPANYStock - Sale - Feb 28, 2022",DISWALT DISNEY COMPANYStock,,0.00,0.00,0,Sale,https://www.quiverquant.com/congresstrading/politician/Nancy%20Pelosi-P000197,,2025-12-08T06:06:58.984Z
quiverquant,"PYPLPAYPAL HOLDINGS, INC.Stock - Sale - Feb 28, 2022","PYPLPAYPAL HOLDINGS, INC.Stock",,0.00,0.00,0,Sale,https://www.quiverquant.com/congresstrading/politician/Nancy%20Pelosi-P000197,,2025-12-08T06:06:58.993Z
quiverquant,"AAPLAPPLE INC.Stock - Sale - Jan 12, 2022",AAPLAPPLE INC.Stock,,0.00,0.00,0,Sale,https://www.quiverquant.com/congresstrading/politician/Nancy%20Pelosi-P000197,,2025-12-08T06:06:59.003Z
quiverquant,"AAPLAPPLE INC.Stock - Sale - Jan 12, 2022",AAPLAPPLE INC.Stock,,0.00,0.00,0,Sale,https://www.quiverquant.com/congresstrading/politician/Nancy%20Pelosi-P000197,,2025-12-08T06:06:59.013Z
quiverquant,"MUMICRON TECHNOLOGY, INC.Options - Sale - Dec 29, 2021","MUMICRON TECHNOLOGY, INC.Options",,0.00,0.00,0,Sale,https://www.quiverquant.com/congresstrading/politician/Nancy%20Pelosi-P000197,,2025-12-08T06:06:59.026Z
quiverquant,"CRMSALESFORCE.COM INCOptions - Sale - Dec 29, 2021",CRMSALESFORCE.COM INCOptions,,0.00,0.00,0,Sale,https://www.quiverquant.com/congresstrading/politician/Nancy%20Pelosi-P000197,,2025-12-08T06:06:59.036Z
quiverquant,"CRMSALESFORCE.COM INCOptions - Sale - Dec 29, 2021",CRMSALESFORCE.COM INCOptions,,0.00,0.00,0,Sale,https://www.quiverquant.com/congresstrading/politician/Nancy%20Pelosi-P000197,,2025-12-08T06:06:59.048Z
quiverquant,"RBLXROBLOX CORPORATION CLASS AOptions - Sale - Dec 29, 2021",RBLXROBLOX CORPORATION CLASS AOptions,,0.00,0.00,0,Sale,https://www.quiverquant.com/congresstrading/politician/Nancy%20Pelosi-P000197,,2025-12-08T06:06:59.057Z
quiverquant,"DISWALT DISNEY COMPANYOptions - Sale - Dec 29, 2021",DISWALT DISNEY COMPANYOptions,,0.00,0.00,0,Sale,https://www.quiverquant.com/congresstrading/politician/Nancy%20Pelosi-P000197,,2025-12-08T06:06:59.067Z
quiverquant,"GOOGALPHABET INC. - CLASS C CAPITAL STOCKOptions - Sale - Dec 29, 2021",GOOGALPHABET INC. - CLASS C CAPITAL STOCKOptions,,0.00,0.00,0,Sale,https://www.quiverquant.com/congresstrading/politician/Nancy%20Pelosi-P000197,,2025-12-08T06:06:59.077Z
quiverquant,"NVDANVIDIA CORPORATIONOptions - Sale - Aug 20, 2021",NVDANVIDIA CORPORATIONOptions,,0.00,0.00,0,Sale,https://www.quiverquant.com/congresstrading/politician/Nancy%20Pelosi-P000197,,2025-12-08T06:06:59.086Z
quiverquant,"NVDANVIDIA CORPORATIONStock - Sale - Aug 20, 2021",NVDANVIDIA CORPORATIONStock,,0.00,0.00,0,Sale,https://www.quiverquant.com/congresstrading/politician/Nancy%20Pelosi-P000197,,2025-12-08T06:06:59.096Z
quiverquant,"MONTGOMERY, AL .2, SCHAUMBERG, IL .1LAKELAND, FL -1, ALBANY, GA - 1, ANDOVER, MA - 1, FAYETTEVILLE, NC - 1, GREENVILLE, SC - 1, JOHNSON CITY, TN - 1, BEAUMONT, TX - 1, RICHMOND, VA - 1, VANCOUVER, WA - 1) AND NINE HILTON-BRANDED HOTELSStock - Sale - Aug 20, 2021","MONTGOMERY, AL .2, SCHAUMBERG, IL .1LAKELAND, FL -1, ALBANY, GA - 1, ANDOVER, MA - 1, FAYETTEVILLE, NC - 1, GREENVILLE, SC - 1, JOHNSON CITY, TN - 1, BEAUMONT, TX - 1, RICHMOND, VA - 1, VANCOUVER, WA - 1) AND NINE HILTON-BRANDED HOTELSStock",,0.00,0.00,0,Sale,https://www.quiverquant.com/congresstrading/politician/Nancy%20Pelosi-P000197,,2025-12-08T06:06:59.107Z
quiverquant,"GOOGLALPHABET INC. - CLASS AStock - Sale - Jul 2, 2021",GOOGLALPHABET INC. - CLASS AStock,,0.00,0.00,0,Sale,https://www.quiverquant.com/congresstrading/politician/Nancy%20Pelosi-P000197,,2025-12-08T06:06:59.120Z
quiverquant,"NVDANVIDIA CORPORATIONOptions - Sale - Jul 2, 2021",NVDANVIDIA CORPORATIONOptions,,0.00,0.00,0,Sale,https://www.quiverquant.com/congresstrading/politician/Nancy%20Pelosi-P000197,,2025-12-08T06:06:59.129Z
quiverquant,"AAPLAPPLE INC.Options - Sale - Jul 2, 2021",AAPLAPPLE INC.Options,,0.00,0.00,0,Sale,https://www.quiverquant.com/congresstrading/politician/Nancy%20Pelosi-P000197,,2025-12-08T06:06:59.139Z
quiverquant,"AMZNAMAZON.COM, INC.Options - Sale - Jul 2, 2021","AMZNAMAZON.COM, INC.Options",,0.00,0.00,0,Sale,https://www.quiverquant.com/congresstrading/politician/Nancy%20Pelosi-P000197,,2025-12-08T06:06:59.149Z
quiverquant,"MSFTMICROSOFT CORPORATIONStock - Sale - Apr 9, 2021",MSFTMICROSOFT CORPORATIONStock,,0.00,0.00,0,Sale,https://www.quiverquant.com/congresstrading/politician/Nancy%20Pelosi-P000197,,2025-12-08T06:06:59.159Z
quiverquant,"MSFTMICROSOFT CORPORATIONStock - Sale - Apr 9, 2021",MSFTMICROSOFT CORPORATIONStock,,0.00,0.00,0,Sale,https://www.quiverquant.com/congresstrading/politician/Nancy%20Pelosi-P000197,,2025-12-08T06:06:59.168Z
quiverquant,"ABALLIANCEBERNSTEIN HOLDING L.P. UNITSStock - Sale - Mar 9, 2021",ABALLIANCEBERNSTEIN HOLDING L.P. UNITSStock,,0.00,0.00,0,Sale,https://www.quiverquant.com/congresstrading/politician/Nancy%20Pelosi-P000197,,2025-12-08T06:06:59.182Z
quiverquant,"ABALLIANCEBERNSTEIN HOLDING L.P. UNITSStock - Sale - Mar 9, 2021",ABALLIANCEBERNSTEIN HOLDING L.P. UNITSStock,,0.00,0.00,0,Sale,https://www.quiverquant.com/congresstrading/politician/Nancy%20Pelosi-P000197,,2025-12-08T06:06:59.192Z
quiverquant,"AAPLAPPLE INC.Options - Sale - Jan 21, 2021",AAPLAPPLE INC.Options,,0.00,0.00,0,Sale,https://www.quiverquant.com/congresstrading/politician/Nancy%20Pelosi-P000197,,2025-12-08T06:06:59.201Z
quiverquant,"ABALLIANCEBERNSTEIN HOLDING L.P. UNITSStock - Sale - Jan 21, 2021",ABALLIANCEBERNSTEIN HOLDING L.P. UNITSStock,,0.00,0.00,0,Sale,https://www.quiverquant.com/congresstrading/politician/Nancy%20Pelosi-P000197,,2025-12-08T06:06:59.211Z
quiverquant,"DISWALT DISNEY COMPANYOptions - Sale - Jan 21, 2021",DISWALT DISNEY COMPANYOptions,,0.00,0.00,0,Sale,https://www.quiverquant.com/congresstrading/politician/Nancy%20Pelosi-P000197,,2025-12-08T06:06:59.221Z
quiverquant,"TSLATESLA, INC.Options - Sale - Jan 21, 2021","TSLATESLA, INC.Options",,0.00,0.00,0,Sale,https://www.quiverquant.com/congresstrading/politician/Nancy%20Pelosi-P000197,,2025-12-08T06:06:59.232Z
quiverquant,"AAPLAPPLE INC.Stock - Sale - Dec 10, 2020",AAPLAPPLE INC.Stock,,0.00,0.00,0,Sale,https://www.quiverquant.com/congresstrading/politician/Nancy%20Pelosi-P000197,,2025-12-08T06:06:59.242Z
quiverquant,"CRWDCROWDSTRIKE HOLDINGS, INC. - CLASS AStock - Sale - Oct 4, 2020","CRWDCROWDSTRIKE HOLDINGS, INC. - CLASS AStock",,0.00,0.00,0,Sale,https://www.quiverquant.com/congresstrading/politician/Nancy%20Pelosi-P000197,,2025-12-08T06:06:59.255Z
quiverquant,"FBFACEBOOK, INC. - CLASS AStock - Sale - Sep 3, 2020","FBFACEBOOK, INC. - CLASS AStock",,0.00,0.00,0,Sale,https://www.quiverquant.com/congresstrading/politician/Nancy%20Pelosi-P000197,,2025-12-08T06:06:59.265Z
quiverquant,"AXPAMERICAN EXPRESS COMPANYOptions - Sale - Jul 20, 2020",AXPAMERICAN EXPRESS COMPANYOptions,,0.00,0.00,0,Sale,https://www.quiverquant.com/congresstrading/politician/Nancy%20Pelosi-P000197,,2025-12-08T06:06:59.276Z
quiverquant,"PYPLPAYPAL HOLDINGS, INC.Options - Sale - Jul 20, 2020","PYPLPAYPAL HOLDINGS, INC.Options",,0.00,0.00,0,Sale,https://www.quiverquant.com/congresstrading/politician/Nancy%20Pelosi-P000197,,2025-12-08T06:06:59.285Z
quiverquant,"AAPLAPPLE INC.Options - Sale - Jul 20, 2020",AAPLAPPLE INC.Options,,0.00,0.00,0,Sale,https://www.quiverquant.com/congresstrading/politician/Nancy%20Pelosi-P000197,,2025-12-08T06:06:59.295Z
quiverquant,"CRMSALESFORCE.COM INCStock - Sale - Jul 20, 2020",CRMSALESFORCE.COM INCStock,,0.00,0.00,0,Sale,https://www.quiverquant.com/congresstrading/politician/Nancy%20Pelosi-P000197,,2025-12-08T06:06:59.305Z
quiverquant,"NFLXNETFLIX, INC.Stock - Sale - Jul 20, 2020","NFLXNETFLIX, INC.Stock",,0.00,0.00,0,Sale,https://www.quiverquant.com/congresstrading/politician/Nancy%20Pelosi-P000197,,2025-12-08T06:06:59.316Z
quiverquant,"PYPLPAYPAL HOLDINGS, INC.Stock - Sale - Jul 20, 2020","PYPLPAYPAL HOLDINGS, INC.Stock",,0.00,0.00,0,Sale,https://www.quiverquant.com/congresstrading/politician/Nancy%20Pelosi-P000197,,2025-12-08T06:06:59.326Z
quiverquant,"PYPLPAYPAL HOLDINGS, INC.Stock - Sale - Jul 20, 2020","PYPLPAYPAL HOLDINGS, INC.Stock",,0.00,0.00,0,Sale,https://www.quiverquant.com/congresstrading/politician/Nancy%20Pelosi-P000197,,2025-12-08T06:06:59.337Z
quiverquant,"ADPAUTOMATIC DATA PROCESSING, INC. - COMMON STOCKStock - Sale - Nov 13, 2025","ADPAUTOMATIC DATA PROCESSING, INC. - COMMON STOCKStock",,0.00,0.00,0,Sale,https://www.quiverquant.com/congresstrading/politician/Marjorie%20Taylor%20Greene-G000596,,2025-12-08T06:07:03.155Z
quiverquant,"PAYXPAYCHEX, INC. - COMMON STOCKStock - Sale - Nov 13, 2025","PAYXPAYCHEX, INC. - COMMON STOCKStock",,0.00,0.00,0,Sale,https://www.quiverquant.com/congresstrading/politician/Marjorie%20Taylor%20Greene-G000596,,2025-12-08T06:07:03.165Z
quiverquant,"PGPROCTER & GAMBLE COMPANYStock - Sale - Nov 7, 2025",PGPROCTER & GAMBLE COMPANYStock,,0.00,0.00,0,Sale,https://www.quiverquant.com/congresstrading/politician/Marjorie%20Taylor%20Greene-G000596,,2025-12-08T06:07:03.175Z
quiverquant,"AMGNAMGEN INC. - COMMON STOCKStock - Sale - Oct 28, 2025",AMGNAMGEN INC. - COMMON STOCKStock,,0.00,0.00,0,Sale,https://www.quiverquant.com/congresstrading/politician/Marjorie%20Taylor%20Greene-G000596,,2025-12-08T06:07:03.185Z
quiverquant,"AMZNAMAZON.COM, INC. - COMMON STOCKStock - Sale - Oct 28, 2025","AMZNAMAZON.COM, INC. - COMMON STOCKStock",,0.00,0.00,0,Sale,https://www.quiverquant.com/congresstrading/politician/Marjorie%20Taylor%20Greene-G000596,,2025-12-08T06:07:03.194Z
quiverquant,"BRK.BBERKSHIRE HATHAWAY INC. NEW COMMON STOCKStock - Sale - Oct 28, 2025",BRK.BBERKSHIRE HATHAWAY INC. NEW COMMON STOCKStock,,0.00,0.00,0,Sale,https://www.quiverquant.com/congresstrading/politician/Marjorie%20Taylor%20Greene-G000596,,2025-12-08T06:07:03.205Z
quiverquant,"BXBLACKSTONE INC. COMMON STOCKStock - Sale - Oct 28, 2025",BXBLACKSTONE INC. COMMON STOCKStock,,0.00,0.00,0,Sale,https://www.quiverquant.com/congresstrading/politician/Marjorie%20Taylor%20Greene-G000596,,2025-12-08T06:07:03.214Z
quiverquant,"CAHCARDINAL HEALTH, INC. COMMON STOCKStock - Sale - Oct 28, 2025","CAHCARDINAL HEALTH, INC. COMMON STOCKStock",,0.00,0.00,0,Sale,https://www.quiverquant.com/congresstrading/politician/Marjorie%20Taylor%20Greene-G000596,,2025-12-08T06:07:03.225Z
quiverquant,"CVXCHEVRON CORPORATION COMMON STOCKStock - Sale - Oct 28, 2025",CVXCHEVRON CORPORATION COMMON STOCKStock,,0.00,0.00,0,Sale,https://www.quiverquant.com/congresstrading/politician/Marjorie%20Taylor%20Greene-G000596,,2025-12-08T06:07:03.235Z
quiverquant,"HDHOME DEPOT, INC.Stock - Sale - Oct 28, 2025","HDHOME DEPOT, INC.Stock",,0.00,0.00,0,Sale,https://www.quiverquant.com/congresstrading/politician/Marjorie%20Taylor%20Greene-G000596,,2025-12-08T06:07:03.245Z
quiverquant,"IBITISHARES BITCOIN TRUST ETF - ISHARES BITCOIN TRUST ETFStock - Sale - Oct 28, 2025",IBITISHARES BITCOIN TRUST ETF - ISHARES BITCOIN TRUST ETFStock,,0.00,0.00,0,Sale,https://www.quiverquant.com/congresstrading/politician/Marjorie%20Taylor%20Greene-G000596,,2025-12-08T06:07:03.255Z
quiverquant,"KMIKINDER MORGAN, INC. COMMON STOCKStock - Sale - Oct 28, 2025","KMIKINDER MORGAN, INC. COMMON STOCKStock",,0.00,0.00,0,Sale,https://www.quiverquant.com/congresstrading/politician/Marjorie%20Taylor%20Greene-G000596,,2025-12-08T06:07:03.265Z
quiverquant,"MELIMERCADOLIBRE, INC. - COMMON STOCKStock - Sale - Oct 28, 2025","MELIMERCADOLIBRE, INC. - COMMON STOCKStock",,0.00,0.00,0,Sale,https://www.quiverquant.com/congresstrading/politician/Marjorie%20Taylor%20Greene-G000596,,2025-12-08T06:07:03.275Z
quiverquant,"MSFTMICROSOFT CORPORATION - COMMON STOCKStock - Sale - Oct 28, 2025",MSFTMICROSOFT CORPORATION - COMMON STOCKStock,,0.00,0.00,0,Sale,https://www.quiverquant.com/congresstrading/politician/Marjorie%20Taylor%20Greene-G000596,,2025-12-08T06:07:03.286Z
quiverquant,"NFLXNETFLIX, INC. - COMMON STOCKStock - Sale - Oct 28, 2025","NFLXNETFLIX, INC. - COMMON STOCKStock",,0.00,0.00,0,Sale,https://www.quiverquant.com/congresstrading/politician/Marjorie%20Taylor%20Greene-G000596,,2025-12-08T06:07:03.296Z
quiverquant,"OXYOCCIDENTAL PETROLEUM CORPORATION COMMON STOCKStock - Sale - Oct 28, 2025",OXYOCCIDENTAL PETROLEUM CORPORATION COMMON STOCKStock,,0.00,0.00,0,Sale,https://www.quiverquant.com/congresstrading/politician/Marjorie%20Taylor%20Greene-G000596,,2025-12-08T06:07:03.305Z
quiverquant,"PANWPALO ALTO NETWORKS, INC.Stock - Sale - Oct 28, 2025","PANWPALO ALTO NETWORKS, INC.Stock",,0.00,0.00,0,Sale,https://www.quiverquant.com/congresstrading/politician/Marjorie%20Taylor%20Greene-G000596,,2025-12-08T06:07:03.315Z
quiverquant,"ADBEADOBE INC. - COMMON STOCKStock - Sale - Oct 20, 2025",ADBEADOBE INC. - COMMON STOCKStock,,0.00,0.00,0,Sale,https://www.quiverquant.com/congresstrading/politician/Marjorie%20Taylor%20Greene-G000596,,2025-12-08T06:07:03.326Z
quiverquant,"AMZNAMAZON.COM, INC. - COMMON STOCKStock - Sale - Oct 20, 2025","AMZNAMAZON.COM, INC. - COMMON STOCKStock",,0.00,0.00,0,Sale,https://www.quiverquant.com/congresstrading/politician/Marjorie%20Taylor%20Greene-G000596,,2025-12-08T06:07:03.335Z
quiverquant,"EXCEXELON CORPORATIONStock - Sale - Oct 20, 2025",EXCEXELON CORPORATIONStock,,0.00,0.00,0,Sale,https://www.quiverquant.com/congresstrading/politician/Marjorie%20Taylor%20Greene-G000596,,2025-12-08T06:07:03.345Z
quiverquant,"IBITISHARES BITCOIN TRUST ETF - ISHARES BITCOIN TRUST ETFStock - Sale - Oct 20, 2025",IBITISHARES BITCOIN TRUST ETF - ISHARES BITCOIN TRUST ETFStock,,0.00,0.00,0,Sale,https://www.quiverquant.com/congresstrading/politician/Marjorie%20Taylor%20Greene-G000596,,2025-12-08T06:07:03.355Z
quiverquant,"NVONOVO NORDISK A/S COMMON STOCKStock - Sale - Oct 20, 2025",NVONOVO NORDISK A/S COMMON STOCKStock,,0.00,0.00,0,Sale,https://www.quiverquant.com/congresstrading/politician/Marjorie%20Taylor%20Greene-G000596,,2025-12-08T06:07:03.365Z
quiverquant,"TSLATESLA, INC. - COMMON STOCKStock - Sale - Oct 20, 2025","TSLATESLA, INC. - COMMON STOCKStock",,0.00,0.00,0,Sale,https://www.quiverquant.com/congresstrading/politician/Marjorie%20Taylor%20Greene-G000596,,2025-12-08T06:07:03.375Z
quiverquant,"XMEXXEMEX GROUP INC. COMMON STOCKStock - Sale - Oct 20, 2025",XMEXXEMEX GROUP INC. COMMON STOCKStock,,0.00,0.00,0,Sale,https://www.quiverquant.com/congresstrading/politician/Marjorie%20Taylor%20Greene-G000596,,2025-12-08T06:07:03.384Z
quiverquant,"AMZNAMAZON.COM, INC. - COMMON STOCKStock - Sale - Oct 20, 2025","AMZNAMAZON.COM, INC. - COMMON STOCKStock",,0.00,0.00,0,Sale,https://www.quiverquant.com/congresstrading/politician/Marjorie%20Taylor%20Greene-G000596,,2025-12-08T06:07:03.395Z
quiverquant,"IBITISHARES BITCOIN TRUST ETF - ISHARES BITCOIN TRUST ETFStock - Sale - Oct 20, 2025",IBITISHARES BITCOIN TRUST ETF - ISHARES BITCOIN TRUST ETFStock,,0.00,0.00,0,Sale,https://www.quiverquant.com/congresstrading/politician/Marjorie%20Taylor%20Greene-G000596,,2025-12-08T06:07:03.406Z
quiverquant,"UPSUNITED PARCEL SERVICE, INC. COMMON STOCKStock - Sale - Oct 20, 2025","UPSUNITED PARCEL SERVICE, INC. COMMON STOCKStock",,0.00,0.00,0,Sale,https://www.quiverquant.com/congresstrading/politician/Marjorie%20Taylor%20Greene-G000596,,2025-12-08T06:07:03.417Z
quiverquant,"ADBEADOBE INC. - COMMON STOCKStock - Sale - Sep 27, 2025",ADBEADOBE INC. - COMMON STOCKStock,,0.00,0.00,0,Sale,https://www.quiverquant.com/congresstrading/politician/Marjorie%20Taylor%20Greene-G000596,,2025-12-08T06:07:03.427Z
quiverquant,"AMGNAMGEN INC. - COMMON STOCKStock - Sale - Sep 27, 2025",AMGNAMGEN INC. - COMMON STOCKStock,,0.00,0.00,0,Sale,https://www.quiverquant.com/congresstrading/politician/Marjorie%20Taylor%20Greene-G000596,,2025-12-08T06:07:03.437Z
quiverquant,"ASMLASML HOLDING N.V. - NEW YORK REGISTRY SHARESStock - Sale - Sep 27, 2025",ASMLASML HOLDING N.V. - NEW YORK REGISTRY SHARESStock,,0.00,0.00,0,Sale,https://www.quiverquant.com/congresstrading/politician/Marjorie%20Taylor%20Greene-G000596,,2025-12-08T06:07:03.446Z
quiverquant,"CRWDCROWDSTRIKE HOLDINGS, INC. - CLASS A COMMON STOCKStock - Sale - Sep 27, 2025","CRWDCROWDSTRIKE HOLDINGS, INC. - CLASS A COMMON STOCKStock",,0.00,0.00,0,Sale,https://www.quiverquant.com/congresstrading/politician/Marjorie%20Taylor%20Greene-G000596,,2025-12-08T06:07:03.456Z
quiverquant,"DLRDIGITAL REALTY TRUST, INC. COMMON STOCKStock - Sale - Sep 27, 2025","DLRDIGITAL REALTY TRUST, INC. COMMON STOCKStock",,0.00,0.00,0,Sale,https://www.quiverquant.com/congresstrading/politician/Marjorie%20Taylor%20Greene-G000596,,2025-12-08T06:07:03.466Z
quiverquant,"DUKDUKE ENERGY CORPORATIONStock - Sale - Sep 27, 2025",DUKDUKE ENERGY CORPORATIONStock,,0.00,0.00,0,Sale,https://www.quiverquant.com/congresstrading/politician/Marjorie%20Taylor%20Greene-G000596,,2025-12-08T06:07:03.476Z
quiverquant,"GOOGALPHABET INC. - CLASS C CAPITAL STOCKStock - Sale - Sep 27, 2025",GOOGALPHABET INC. - CLASS C CAPITAL STOCKStock,,0.00,0.00,0,Sale,https://www.quiverquant.com/congresstrading/politician/Marjorie%20Taylor%20Greene-G000596,,2025-12-08T06:07:03.485Z
quiverquant,"GSGOLDMAN SACHS GROUP, INC.Stock - Sale - Sep 27, 2025","GSGOLDMAN SACHS GROUP, INC.Stock",,0.00,0.00,0,Sale,https://www.quiverquant.com/congresstrading/politician/Marjorie%20Taylor%20Greene-G000596,,2025-12-08T06:07:03.495Z
quiverquant,"IBITISHARES BITCOIN TRUST ETF - ISHARES BITCOIN TRUST ETFStock - Sale - Sep 27, 2025",IBITISHARES BITCOIN TRUST ETF - ISHARES BITCOIN TRUST ETFStock,,0.00,0.00,0,Sale,https://www.quiverquant.com/congresstrading/politician/Marjorie%20Taylor%20Greene-G000596,,2025-12-08T06:07:03.506Z
quiverquant,"MSMORGAN STANLEY COMMON STOCKStock - Sale - Sep 27, 2025",MSMORGAN STANLEY COMMON STOCKStock,,0.00,0.00,0,Sale,https://www.quiverquant.com/congresstrading/politician/Marjorie%20Taylor%20Greene-G000596,,2025-12-08T06:07:03.517Z
quiverquant,"EXCEXELON CORPORATIONStock - Sale - Aug 29, 2025",EXCEXELON CORPORATIONStock,,0.00,0.00,0,Sale,https://www.quiverquant.com/congresstrading/politician/Marjorie%20Taylor%20Greene-G000596,,2025-12-08T06:07:03.530Z
quiverquant,"FDXFEDEX CORPORATION COMMON STOCKStock - Sale - Aug 29, 2025",FDXFEDEX CORPORATION COMMON STOCKStock,,0.00,0.00,0,Sale,https://www.quiverquant.com/congresstrading/politician/Marjorie%20Taylor%20Greene-G000596,,2025-12-08T06:07:03.540Z
quiverquant,"GOOGALPHABET INC. - CLASS C CAPITAL STOCKStock - Sale - Aug 29, 2025",GOOGALPHABET INC. - CLASS C CAPITAL STOCKStock,,0.00,0.00,0,Sale,https://www.quiverquant.com/congresstrading/politician/Marjorie%20Taylor%20Greene-G000596,,2025-12-08T06:07:03.550Z
quiverquant,"MELIMERCADOLIBRE, INC. - COMMON STOCKStock - Sale - Aug 29, 2025","MELIMERCADOLIBRE, INC. - COMMON STOCKStock",,0.00,0.00,0,Sale,https://www.quiverquant.com/congresstrading/politician/Marjorie%20Taylor%20Greene-G000596,,2025-12-08T06:07:03.560Z
quiverquant,"MRKMERCK & COMPANY, INC. COMMON STOCKStock - Sale - Aug 29, 2025","MRKMERCK & COMPANY, INC. COMMON STOCKStock",,0.00,0.00,0,Sale,https://www.quiverquant.com/congresstrading/politician/Marjorie%20Taylor%20Greene-G000596,,2025-12-08T06:07:03.569Z
quiverquant,"MSMORGAN STANLEY COMMON STOCKStock - Sale - Aug 29, 2025",MSMORGAN STANLEY COMMON STOCKStock,,0.00,0.00,0,Sale,https://www.quiverquant.com/congresstrading/politician/Marjorie%20Taylor%20Greene-G000596,,2025-12-08T06:07:03.579Z
quiverquant,"NVONOVO NORDISK A/S COMMON STOCKStock - Sale - Aug 29, 2025",NVONOVO NORDISK A/S COMMON STOCKStock,,0.00,0.00,0,Sale,https://www.quiverquant.com/congresstrading/politician/Marjorie%20Taylor%20Greene-G000596,,2025-12-08T06:07:03.589Z
quiverquant,"PEPPEPSICO, INC.Stock - Sale - Aug 29, 2025","PEPPEPSICO, INC.Stock",,0.00,0.00,0,Sale,https://www.quiverquant.com/congresstrading/politician/Marjorie%20Taylor%20Greene-G000596,,2025-12-08T06:07:03.598Z
quiverquant,"RHPRYMAN HOSPITALITY PROPERTIES, INC.Stock - Sale - Aug 29, 2025","RHPRYMAN HOSPITALITY PROPERTIES, INC.Stock",,0.00,0.00,0,Sale,https://www.quiverquant.com/congresstrading/politician/Marjorie%20Taylor%20Greene-G000596,,2025-12-08T06:07:03.612Z
quiverquant,"SOSOUTHERN COMPANYStock - Sale - Aug 29, 2025",SOSOUTHERN COMPANYStock,,0.00,0.00,0,Sale,https://www.quiverquant.com/congresstrading/politician/Marjorie%20Taylor%20Greene-G000596,,2025-12-08T06:07:03.622Z
quiverquant,"UNHUNITEDHEALTH GROUP INCORPORATED COMMON STOCKStock - Sale - Aug 29, 2025",UNHUNITEDHEALTH GROUP INCORPORATED COMMON STOCKStock,,0.00,0.00,0,Sale,https://www.quiverquant.com/congresstrading/politician/Marjorie%20Taylor%20Greene-G000596,,2025-12-08T06:07:03.631Z
quiverquant,"UPSUNITED PARCEL SERVICE, INC. COMMON STOCKStock - Sale - Aug 29, 2025","UPSUNITED PARCEL SERVICE, INC. COMMON STOCKStock",,0.00,0.00,0,Sale,https://www.quiverquant.com/congresstrading/politician/Marjorie%20Taylor%20Greene-G000596,,2025-12-08T06:07:03.641Z
quiverquant,"NVONOVO NORDISK A/S COMMON STOCKStock - Sale - Aug 20, 2025",NVONOVO NORDISK A/S COMMON STOCKStock,,0.00,0.00,0,Sale,https://www.quiverquant.com/congresstrading/politician/Marjorie%20Taylor%20Greene-G000596,,2025-12-08T06:07:03.654Z
quiverquant,"FIGFIGOther - Sale - Aug 15, 2025",FIGFIGOther,,0.00,0.00,0,Sale,https://www.quiverquant.com/congresstrading/politician/Marjorie%20Taylor%20Greene-G000596,,2025-12-08T06:07:03.664Z
quiverquant,"ABBVABBVIE INC. COMMON STOCKStock - Sale - Aug 15, 2025",ABBVABBVIE INC. COMMON STOCKStock,,0.00,0.00,0,Sale,https://www.quiverquant.com/congresstrading/politician/Marjorie%20Taylor%20Greene-G000596,,2025-12-08T06:07:03.676Z
quiverquant,"UNHUNITEDHEALTH GROUP INCORPORATED COMMON STOCKStock - Sale - Aug 15, 2025",UNHUNITEDHEALTH GROUP INCORPORATED COMMON STOCKStock,,0.00,0.00,0,Sale,https://www.quiverquant.com/congresstrading/politician/Marjorie%20Taylor%20Greene-G000596,,2025-12-08T06:07:03.686Z
quiverquant,"UPSUNITED PARCEL SERVICE, INC. COMMON STOCKStock - Sale - Aug 15, 2025","UPSUNITED PARCEL SERVICE, INC. COMMON STOCKStock",,0.00,0.00,0,Sale,https://www.quiverquant.com/congresstrading/politician/Marjorie%20Taylor%20Greene-G000596,,2025-12-08T06:07:03.696Z
quiverquant,"PEPPEPSICO, INC.Stock - Sale - Jul 22, 2025","PEPPEPSICO, INC.Stock",,0.00,0.00,0,Sale,https://www.quiverquant.com/congresstrading/politician/Marjorie%20Taylor%20Greene-G000596,,2025-12-08T06:07:03.709Z
quiverquant,"PLTRPALANTIR TECHNOLOGIES INC. - CLASS A COMMON STOCKStock - Sale - Jul 22, 2025",PLTRPALANTIR TECHNOLOGIES INC. - CLASS A COMMON STOCKStock,,0.00,0.00,0,Sale,https://www.quiverquant.com/congresstrading/politician/Marjorie%20Taylor%20Greene-G000596,,2025-12-08T06:07:03.719Z
quiverquant,"LULULULULEMON ATHLETICA INC. - COMMON STOCKStock - Sale - Jun 23, 2025",LULULULULEMON ATHLETICA INC. - COMMON STOCKStock,,0.00,0.00,0,Sale,https://www.quiverquant.com/congresstrading/politician/Marjorie%20Taylor%20Greene-G000596,,2025-12-08T06:07:03.738Z
quiverquant,"SNOWSNOWFLAKE INC. CLASS A COMMON STOCKStock - Sale - Jun 23, 2025",SNOWSNOWFLAKE INC. CLASS A COMMON STOCKStock,,0.00,0.00,0,Sale,https://www.quiverquant.com/congresstrading/politician/Marjorie%20Taylor%20Greene-G000596,,2025-12-08T06:07:03.748Z
quiverquant,"TSCOTRACTOR SUPPLY COMPANY - COMMON STOCKStock - Sale - Jun 23, 2025",TSCOTRACTOR SUPPLY COMPANY - COMMON STOCKStock,,0.00,0.00,0,Sale,https://www.quiverquant.com/congresstrading/politician/Marjorie%20Taylor%20Greene-G000596,,2025-12-08T06:07:03.759Z
quiverquant,"ADBEADOBE INC. - COMMON STOCKStock - Sale - Jun 18, 2025",ADBEADOBE INC. - COMMON STOCKStock,,0.00,0.00,0,Sale,https://www.quiverquant.com/congresstrading/politician/Marjorie%20Taylor%20Greene-G000596,,2025-12-08T06:07:03.771Z
quiverquant,"AMATAPPLIED MATERIALS, INC. - COMMON STOCKStock - Sale - Jun 18, 2025","AMATAPPLIED MATERIALS, INC. - COMMON STOCKStock",,0.00,0.00,0,Sale,https://www.quiverquant.com/congresstrading/politician/Marjorie%20Taylor%20Greene-G000596,,2025-12-08T06:07:03.781Z
quiverquant,"GILDGILEAD SCIENCES, INC. - COMMON STOCKStock - Sale - Jun 18, 2025","GILDGILEAD SCIENCES, INC. - COMMON STOCKStock",,0.00,0.00,0,Sale,https://www.quiverquant.com/congresstrading/politician/Marjorie%20Taylor%20Greene-G000596,,2025-12-08T06:07:03.791Z
quiverquant,"NEENEXTERA ENERGY, INC. COMMON STOCKStock - Sale - Jun 18, 2025","NEENEXTERA ENERGY, INC. COMMON STOCKStock",,0.00,0.00,0,Sale,https://www.quiverquant.com/congresstrading/politician/Marjorie%20Taylor%20Greene-G000596,,2025-12-08T06:07:03.801Z
quiverquant,"NFLXNETFLIX, INC. - COMMON STOCKStock - Sale - Jun 18, 2025","NFLXNETFLIX, INC. - COMMON STOCKStock",,0.00,0.00,0,Sale,https://www.quiverquant.com/congresstrading/politician/Marjorie%20Taylor%20Greene-G000596,,2025-12-08T06:07:03.811Z
quiverquant,"NOWSERVICENOW, INC. COMMON STOCKStock - Sale - Jun 18, 2025","NOWSERVICENOW, INC. COMMON STOCKStock",,0.00,0.00,0,Sale,https://www.quiverquant.com/congresstrading/politician/Marjorie%20Taylor%20Greene-G000596,,2025-12-08T06:07:03.821Z
quiverquant,"SNOWSNOWFLAKE INC. CLASS A COMMON STOCKStock - Sale - Jun 18, 2025",SNOWSNOWFLAKE INC. CLASS A COMMON STOCKStock,,0.00,0.00,0,Sale,https://www.quiverquant.com/congresstrading/politician/Marjorie%20Taylor%20Greene-G000596,,2025-12-08T06:07:03.830Z
quiverquant,"UNHUNITEDHEALTH GROUP INCORPORATED COMMON STOCKStock - Sale - May 19, 2025",UNHUNITEDHEALTH GROUP INCORPORATED COMMON STOCKStock,,0.00,0.00,0,Sale,https://www.quiverquant.com/congresstrading/politician/Marjorie%20Taylor%20Greene-G000596,,2025-12-08T06:07:03.840Z
quiverquant,"AMDADVANCED MICRO DEVICES, INC.Stock - Sale - May 19, 2025","AMDADVANCED MICRO DEVICES, INC.Stock",,0.00,0.00,0,Sale,https://www.quiverquant.com/congresstrading/politician/Marjorie%20Taylor%20Greene-G000596,,2025-12-08T06:07:03.853Z
quiverquant,"AMGNAMGEN INC. - COMMON STOCKStock - Sale - May 19, 2025",AMGNAMGEN INC. - COMMON STOCKStock,,0.00,0.00,0,Sale,https://www.quiverquant.com/congresstrading/politician/Marjorie%20Taylor%20Greene-G000596,,2025-12-08T06:07:03.862Z
quiverquant,"BXBLACKSTONE INC. COMMON STOCKStock - Sale - May 19, 2025",BXBLACKSTONE INC. COMMON STOCKStock,,0.00,0.00,0,Sale,https://www.quiverquant.com/congresstrading/politician/Marjorie%20Taylor%20Greene-G000596,,2025-12-08T06:07:03.872Z
quiverquant,"CAHCARDINAL HEALTH, INC. COMMON STOCKStock - Sale - May 19, 2025","CAHCARDINAL HEALTH, INC. COMMON STOCKStock",,0.00,0.00,0,Sale,https://www.quiverquant.com/congresstrading/politician/Marjorie%20Taylor%20Greene-G000596,,2025-12-08T06:07:03.882Z
quiverquant,"CVXCHEVRON CORPORATION COMMON STOCKStock - Sale - May 19, 2025",CVXCHEVRON CORPORATION COMMON STOCKStock,,0.00,0.00,0,Sale,https://www.quiverquant.com/congresstrading/politician/Marjorie%20Taylor%20Greene-G000596,,2025-12-08T06:07:03.892Z
quiverquant,"GLWCORNING INCORPORATED COMMON STOCKStock - Sale - May 19, 2025",GLWCORNING INCORPORATED COMMON STOCKStock,,0.00,0.00,0,Sale,https://www.quiverquant.com/congresstrading/politician/Marjorie%20Taylor%20Greene-G000596,,2025-12-08T06:07:03.901Z
quiverquant,"GOOGALPHABET INC. - CLASS C CAPITAL STOCKStock - Sale - May 19, 2025",GOOGALPHABET INC. - CLASS C CAPITAL STOCKStock,,0.00,0.00,0,Sale,https://www.quiverquant.com/congresstrading/politician/Marjorie%20Taylor%20Greene-G000596,,2025-12-08T06:07:03.911Z
quiverquant,"HSYTHE HERSHEY COMPANY COMMON STOCKStock - Sale - May 19, 2025",HSYTHE HERSHEY COMPANY COMMON STOCKStock,,0.00,0.00,0,Sale,https://www.quiverquant.com/congresstrading/politician/Marjorie%20Taylor%20Greene-G000596,,2025-12-08T06:07:03.921Z
quiverquant,"LLYELI LILLY AND COMPANY COMMON STOCKStock - Sale - May 19, 2025",LLYELI LILLY AND COMPANY COMMON STOCKStock,,0.00,0.00,0,Sale,https://www.quiverquant.com/congresstrading/politician/Marjorie%20Taylor%20Greene-G000596,,2025-12-08T06:07:03.930Z
quiverquant,"MELIMERCADOLIBRE, INC. - COMMON STOCKStock - Sale - May 19, 2025","MELIMERCADOLIBRE, INC. - COMMON STOCKStock",,0.00,0.00,0,Sale,https://www.quiverquant.com/congresstrading/politician/Marjorie%20Taylor%20Greene-G000596,,2025-12-08T06:07:03.940Z
quiverquant,"METAMETA PLATFORMS, INC. - CLASS A COMMON STOCKStock - Sale - May 19, 2025","METAMETA PLATFORMS, INC. - CLASS A COMMON STOCKStock",,0.00,0.00,0,Sale,https://www.quiverquant.com/congresstrading/politician/Marjorie%20Taylor%20Greene-G000596,,2025-12-08T06:07:03.950Z
quiverquant,"MSMORGAN STANLEY COMMON STOCKStock - Sale - May 19, 2025",MSMORGAN STANLEY COMMON STOCKStock,,0.00,0.00,0,Sale,https://www.quiverquant.com/congresstrading/politician/Marjorie%20Taylor%20Greene-G000596,,2025-12-08T06:07:03.960Z
quiverquant,"NFLXNETFLIX, INC. - COMMON STOCKStock - Sale - May 19, 2025","NFLXNETFLIX, INC. - COMMON STOCKStock",,0.00,0.00,0,Sale,https://www.quiverquant.com/congresstrading/politician/Marjorie%20Taylor%20Greene-G000596,,2025-12-08T06:07:03.969Z
quiverquant,"NOWSERVICENOW, INC. COMMON STOCKStock - Sale - May 19, 2025","NOWSERVICENOW, INC. COMMON STOCKStock",,0.00,0.00,0,Sale,https://www.quiverquant.com/congresstrading/politician/Marjorie%20Taylor%20Greene-G000596,,2025-12-08T06:07:03.978Z
quiverquant,"NVDANVIDIA CORPORATION - COMMON STOCKStock - Sale - May 19, 2025",NVDANVIDIA CORPORATION - COMMON STOCKStock,,0.00,0.00,0,Sale,https://www.quiverquant.com/congresstrading/politician/Marjorie%20Taylor%20Greene-G000596,,2025-12-08T06:07:03.988Z
quiverquant,"PIIMPINJ, INC. - COMMON STOCKStock - Sale - May 19, 2025","PIIMPINJ, INC. - COMMON STOCKStock",,0.00,0.00,0,Sale,https://www.quiverquant.com/congresstrading/politician/Marjorie%20Taylor%20Greene-G000596,,2025-12-08T06:07:03.997Z
quiverquant,"TSLATESLA, INC. - COMMON STOCKStock - Sale - May 19, 2025","TSLATESLA, INC. - COMMON STOCKStock",,0.00,0.00,0,Sale,https://www.quiverquant.com/congresstrading/politician/Marjorie%20Taylor%20Greene-G000596,,2025-12-08T06:07:04.008Z
quiverquant,"UNHUNITEDHEALTH GROUP INCORPORATED COMMON STOCKStock - Sale - May 19, 2025",UNHUNITEDHEALTH GROUP INCORPORATED COMMON STOCKStock,,0.00,0.00,0,Sale,https://www.quiverquant.com/congresstrading/politician/Marjorie%20Taylor%20Greene-G000596,,2025-12-08T06:07:04.017Z
quiverquant,"AAPLAPPLE INC. - COMMON STOCKStock - Sale - May 6, 2025",AAPLAPPLE INC. - COMMON STOCKStock,,0.00,0.00,0,Sale,https://www.quiverquant.com/congresstrading/politician/Marjorie%20Taylor%20Greene-G000596,,2025-12-08T06:07:04.029Z
quiverquant,"ABBVABBVIE INC. COMMON STOCKStock - Sale - May 6, 2025",ABBVABBVIE INC. COMMON STOCKStock,,0.00,0.00,0,Sale,https://www.quiverquant.com/congresstrading/politician/Marjorie%20Taylor%20Greene-G000596,,2025-12-08T06:07:04.039Z
quiverquant,"ADBEADOBE INC. - COMMON STOCKStock - Sale - May 6, 2025",ADBEADOBE INC. - COMMON STOCKStock,,0.00,0.00,0,Sale,https://www.quiverquant.com/congresstrading/politician/Marjorie%20Taylor%20Greene-G000596,,2025-12-08T06:07:04.048Z
quiverquant,"AMATAPPLIED MATERIALS, INC. - COMMON STOCKStock - Sale - May 6, 2025","AMATAPPLIED MATERIALS, INC. - COMMON STOCKStock",,0.00,0.00,0,Sale,https://www.quiverquant.com/congresstrading/politician/Marjorie%20Taylor%20Greene-G000596,,2025-12-08T06:07:04.059Z
quiverquant,"AMDADVANCED MICRO DEVICES, INC.Stock - Sale - May 6, 2025","AMDADVANCED MICRO DEVICES, INC.Stock",,0.00,0.00,0,Sale,https://www.quiverquant.com/congresstrading/politician/Marjorie%20Taylor%20Greene-G000596,,2025-12-08T06:07:04.068Z